X = [[  1.52101  13.64      4.49    ...,   8.75      0.        0.     ]
 [  1.51761  13.89      3.6     ...,   7.83      0.        0.     ]
 [  1.51618  13.53      3.55    ...,   7.78      0.        0.     ]
 ..., 
 [  1.52065  14.36      0.      ...,   8.44      1.64      0.     ]
 [  1.51651  14.38      0.      ...,   8.48      1.57      0.     ]
 [  1.51711  14.23      0.      ...,   8.62      1.67      0.     ]]
y = [ 1.  1.  1.  1.  1.  1.  1.  1.  1.  1.  1.  1.  1.  1.  1.  1.  1.  1.
  1.  1.  1.  1.  1.  1.  1.  1.  1.  1.  1.  1.  1.  1.  1.  1.  1.  1.
  1.  1.  1.  1.  1.  1.  1.  1.  1.  1.  1.  1.  1.  1.  1.  1.  1.  1.
  1.  1.  1.  1.  1.  1.  1.  1.  1.  1.  1.  1.  1.  1.  1.  1.  2.  2.
  2.  2.  2.  2.  2.  2.  2.  2.  2.  2.  2.  2.  2.  2.  2.  2.  2.  2.
  2.  2.  2.  2.  2.  2.  2.  2.  2.  2.  2.  2.  2.  2.  2.  2.  2.  2.
  2.  2.  2.  2.  2.  2.  2.  2.  2.  2.  2.  2.  2.  2.  2.  2.  2.  2.
  2.  2.  2.  2.  2.  2.  2.  2.  2.  2.  2.  2.  2.  2.  2.  2.  2.  2.
  2.  2.  3.  3.  3.  3.  3.  3.  3.  3.  3.  3.  3.  3.  3.  3.  3.  3.
  3.  5.  5.  5.  5.  5.  5.  5.  5.  5.  5.  5.  5.  5.  6.  6.  6.  6.
  6.  6.  6.  6.  6.  7.  7.  7.  7.  7.  7.  7.  7.  7.  7.  7.  7.  7.
  7.  7.  7.  7.  7.  7.  7.  7.  7.  7.  7.  7.  7.  7.  7.  7.]
names = ['class1' 'class2' 'class3' 'class4' 'class5' 'class6' 'class7']
[[  2.33600562e-01  -8.17057243e-04  -6.77093177e-04  -4.40441508e-04
   -4.38756766e-04  -4.24618703e-04   3.06928495e-03  -2.87479703e-04
    3.85562358e-05]
 [ -8.17057243e-04   4.59902330e-01  -3.41382033e-01   1.48553423e-01
    1.09379777e-01   5.49864061e-02  -3.16463324e-01   1.30020787e-01
   -9.44727775e-03]
 [ -6.77093177e-04  -3.41382033e-01   2.09364660e+00  -2.91636024e-01
   -1.34108835e-01   7.63100016e-02  -8.79755880e-01  -3.24292367e-01
    1.11181138e-02]
 [ -4.40441508e-04   1.48553423e-01  -2.91636024e-01   3.34500656e-01
    7.02482682e-02   2.80970850e-02  -1.39583453e-01   9.17842446e-02
   -6.04408410e-03]
 [ -4.38756766e-04   1.09379777e-01  -1.34108835e-01   7.02482682e-02
    2.87170114e-01   3.02334985e-02  -1.84120373e-01   5.98990596e-02
   -4.63804247e-03]
 [ -4.24618703e-04   5.49864061e-02   7.63100016e-02   2.80970850e-02
    3.02334985e-02   2.65810868e-01  -2.37575530e-01   1.64176951e-02
   -2.66636874e-03]
 [  3.06928495e-03  -3.16463324e-01  -8.79755880e-01  -1.39583453e-01
   -1.84120373e-01  -2.37575530e-01   2.04543128e+00  -5.25119504e-02
    1.63719372e-02]
 [ -2.87479703e-04   1.30020787e-01  -3.24292367e-01   9.17842446e-02
    5.98990596e-02   1.64176951e-02  -5.25119504e-02   3.20506649e-01
   -5.12925301e-03]
 [  3.85562358e-05  -9.44727775e-03   1.11181138e-02  -6.04408410e-03
   -4.63804247e-03  -2.66636874e-03   1.63719372e-02  -5.12925301e-03
    2.33996578e-01]]
